16668008
801690
17558738
16611701
2100784
801269
18483082
18483252
16615894
16605194
16605794
16604358
17534788
16606299
16654702
17694056
3700050
17629582
18366580
17211719
9417
18244555
18222566
303723
18291469
773
18282047
743
7759
311483
18180080
18421026
18322609
18332063
65
18216942
483
18163906
192
1675
313256
18237321
309859
302878
8241
304262
1188
305525
18057792
307036
18395381
18157384
4959
18429148
463
18289242
799
301998
307113
18345728
18126111
18144458
300408
17953911
307618
18337779
18396054
307464
304187
9565
306535
313061
306291
8853
308544
9657
300283
310942
1859
307167
4910
6003
309548
4917
6812
301102
4055
851
824
2701
815
18400770
305296
1898
1900
823
2702
847
2587
2745
7620
302936
1358
3632
309080
300984
311637
1712
18175256
7613
309756
18354627
18355107
7623
18239781
7602
18175328
18429374
301522
18459885
304735
310816
3039
2437
18161723
18232097
18350143
3492
566
311661
134
18415346
17953931
18400744
18247032
730
18363787
573
303215
302655
18273615
103
307822
4296
1901
800
308337
803
305686
18419910
304989
307284
310674
462
312710
303599
307370
18255125
18082237
2902
4302
7876
312173
18358157
18391937
7884
920
18266888
9891
303625
7893
312605
18381237
18419884
7886
18371426
18272344
9887
7888
7897
181
267
927
5325
149
18237363
212
1324
302945
1023
9671
1508
908
312902
18471283
18424893
7873
18037834
306526
1530
18208912
18219545
256
18128883
3043
18425159
309448
175
311161
310848
305871
209
17977751
582
18233599
302381
6200
18446475
310312
1406
18241531
18312632
18271497
309820
18034050
1902
300007
18363391
18456764
18382342
1056
303288
3589
311671
18418209
1215
309156
9834
18279463
9840
18398571
1625
18365388
18268360
312011
308315
3468
309322
18337744
18432237
18414479
18355419
18429154
18334422
18383432
18312607
18180081
18336220
304230
18261052
306247
5267
18335682
310259
18359259
18430873
3156
18440414
18449796
313482
306658
9640
305040
18471243
18423871
303170
305736
309593
300564
5897
18382353
307436
306815
307383
18408062
18316173
18258757
18306524
18337772
18463962
9709
306251
18336491
18384123
18425766
18415376
18439530
310032
18429396
18384135
771
4234
7352
5879
7391
3269
4501
2870
18383522
311451
4621
300268
4499
535
18247024
310328
300275
300262
7240
2122
3493
3494
301654
307692
307694
18438416
313280
18279453
18245249
307693
1917
18027962
9316
1407
307695
3497
18472648
18346857
18222557
18436483
310305
18337922
7892
18322676
310101
7891
18313115
3681
308488
310469
18355110
18243438
9568
18357554
18025100
18357562
18453186
18025096
18354663
310468
3635
309737
1866
9776
3634
309238
3054
307951
3610
305293
302892
309338
18372686
7382
18245255
8949
302898
9654
18322653
306957
813
3425
304628
18221038
154
309576
301422
303574
4624
6271
18361747
18400736
4450
4251
3400
954
307391
303716
5565
2899
18356840
303784
9875
18446391
313491
18371289
18425773
9588
18396161
312798
18455557
310344
18260714
18265724
308704
9599
18481310
18025089
310358
18425161
18391309
5727
311766
18255171
6222
309882
4268
60
1507
1395
305646
18423145
1819
309788
1614
8244
844
307802
7227
300656
311531
2632
3406
313207
9618
304931
4741
4404
307799
313299
303958
18333396
18416830
4315
18311961
18356811
9097
9141
7317
303851
18312458
18025111
7307
305151
7365
302473
311067
18489540
18372674
305190
2863
9751
18272370
1037
18291199
1036
307746
18376472
18348970
6179
1040
301190
313206
5726
309452
8346
303057
309728
18339800
18357533
18424619
18472439
18372279
306801
7815
308536
7905
18424883
18357819
18357948
18357941
18357943
305763
18287358
18291238
18289261
307990
18415339
309979
313073
18025093
309517
18025127
18350159
311683
18478990
18168122
18414506
18168124
18375201
18433297
18409207
18415338
18478992
18472695
18489842
18463608
312983
18489808
18408079
18175282
312753
18277163
18175299
18175297
18277176
18337908
18175278
18277178
18489545
18467388
18446867
18489804
18492029
18352672
18034037
307571
18034053
7060
312772
311340
18349916
18053052
18303832
18228894
18222586
309865
18418239
300815
312142
2215
18291230
18368002
304162
18472788
7388
18225831
18425739
18425758
300259
18229077
18357566
309509
18354992
18424615
18354988
18468524
18425175
18425772
18354998
18472683
18425178
18025119
18425768
305545
196
305548
18336192
18268390
304917
18261188
2232
304915
148
309738
308331
3607
5487
1185
304913
304906
18126080
3608
306031
7720
18337892
602
1401
311553
2585
4101
709
7721
3337
302742
300744
3339
18369763
307785
9573
302514
9602
18449787
308628
3684
312949
304445
18463963
310100
7874
7889
7879
303608
18409180
18358168
18360900
18357551
18429188
18432628
18472680
307409
7483
1461
310164
18311948
308489
18355004
18289277
306739
18312564
312169
18440259
306749
312146
306741
9974
300529
301994
18449798
306729
18431159
306733
301783
18489651
301775
306750
313012
301867
6475
300302
306166
305526
310665
18163892
18334452
301722
2586
131
3555
18312571
18025131
7797
18352263
302573
18153550
18161591
18355275
18352264
18414494
18414497
18332442
18312455
18439705
18345771
18306540
18412894
18312459
18312463
307171
307865
18428880
18478389
307169
18486861
18472663
18469974
18425179
18352172
18325509
18434343
18472665
18427212
313127
18396151
18486869
18486866
18461352
18057802
312231
18481278
311828
18126972
5846
18456770
4330
300281
1774
305606
18357527
18337920
300280
7310
18219526
18458306
300258
18144483
306870
304186
8216
18384121
300235
18428536
302326
309192
300236
300231
18303837
18488864
2201
312827
302314
18203159
302318
302311
18469965
18408066
18355141
18408037
18312586
18440160
305833
4830
9984
4271
4752
4341
7364
18219554
306545
8201
18219522
3921
305781
1372
311634
310916
219
18217023
9720
2741
7824
18219530
310198
18364414
7803
7818
18357939
18425158
18489497
18396418
18425149
18357568
18370535
18486878
18492652
1777
3379
3378
7319
4357
4356
3164
7772
302542
7768
302264
309140
18336489
18245295
18252412
351
18433610
18358164
18157395
18358675
18261701
18175323
301154
18391458
313296
1018
309844
305303
1021
309815
310342
18462002
2867
312787
3611
309105
18089222
308238
18253111
18279452
301435
703
312486
18436439
18254521
18337895
18175302
311211
305
556
451
18414499
305269
570
18306530
3568
9706
312567
311690
309161
7636
4299
18304836
18057805
301405
3504
7599
4973
7610
7593
7639
7584
306531
9095
18358700
310891
305826
4640
2250
18427565
18345751
301328
305147
9890
305684
306554
310723
2778
310169
311345
312300
3072
2436
4905
1060
1492
18180041
18144479
302152
18264997
1509
7068
311423
7228
308697
308007
18198434
7354
303472
18458332
18371408
2204
2124
312535
4317
304281
4235
7360
311971
312756
18265698
18478987
18175274
18357525
18265700
18455876
18311920
18478997
18478967
18252382
18479000
307490
472
18418258
313200
313269
310480
18212160
18354968
310479
18349925
18445274
18144471
18429375
18441542
18429376
18168147
18466972
18492061
18492065
929
112
303261
304617
9912
18079620
6357
308001
3185
302232
18291442
18396855
7150
18261700
1044
311002
18082228
3293
18057826
306015
311117
308014
2693
2689
18163907
18400737
18400739
304954
18382583
18241537
18233593
18279449
311057
18235515
18238278
900
18246991
18306523
309790
301489
309955
310143
910
3393
301011
309478
2903
310463
18281985
18357940
18454488
308579
309664
310448
306913
312601
18222559
18157403
2504
3910
311369
18306547
1914
8451
588
18349923
3937
301534
2724
311982
307622
310365
3235
309807
308772
3027
2725
2770
2768
4249
18357911
312603
55
301114
306497
6075
18344490
311432
303637
309530
18261683
8842
8817
310792
18412878
311846
18207831
18294263
18275791
18356812
3182
5462
182
3246
18219539
4380
18261160
261
619
2727
307371
18261157
4366
308280
18419892
18277024
18133513
6600
2730
301301
2728
2731
18232577
18410770
18317502
18303701
18261162
18446411
304280
18422748
18272385
18391757
18368943
309101
18273526
18272376
18424646
18446424
18424643
18424635
18261164
18273530
4631
305453
1286
899
18070476
3782
311373
8911
18418277
18424189
3168
18249111
18216915
4907
18237357
2682
5801
302162
3116
1888
5753
18409188
308187
308682
18287392
8292
3254
302188
18198465
300620
18356800
303788
305135
302155
3119
307114
2690
7713
18168125
18398618
18441549
303264
18474567
18434504
305810
18475283
304972
4237
5315
309395
6560
3326
18249102
18241609
5294
5296
8743
18361700
309384
18383541
309503
18258778
6577
18430692
18460330
18361739
18441672
18057828
308894
312693
9961
304737
4053
681
1889
5453
312925
303643
309722
302869
304697
312936
5468
304743
308008
9156
18323461
311492
5458
9166
300178
18264992
5467
6704
3180
304181
5459
4715
308318
308209
9161
6706
18361208
18261146
18361206
18424863
18424867
5464
18222587
18228864
18292465
18345380
5450
18206818
18317481
5463
18390082
18294896
18317476
18317479
18292467
6678
18397709
18449652
2287
6625
3036
311962
3252
300883
9779
2290
18456762
9453
306847
9969
5455
6646
7681
18350499
2279
7691
307894
18273614
18219524
18444811
18245285
18124390
18361754
18358668
18361745
312357
18358207
18464621
18464627
18431125
18361743
18464633
18449634
18464637
18361741
18364336
312345
310592
18382697
312755
18356808
313492
18463997
18472658
18446394
18427869
18337898
310949
18361758
18481309
310948
18418248
18489838
18455515
18441835
18408045
18124350
18124352
18408050
18349897
18261688
18454468
18451575
7545
481
9165
303642
4092
552
422
307218
303644
18332062
304461
309805
8985
308175
18430598
7667
2267
302972
8991
18349974
2272
307959
311068
300849
307327
640
303082
18157402
301470
1155
18245298
311030
9927
1055
18286206
306017
5466
4373
300022
3375
1147
6607
180
312400
964
1041
3223
1303
300946
6599
3363
312353
18457090
6605
5874
308796
18396163
6629
18107851
9031
310936
18317756
303602
302685
18254532
310947
310997
18241860
18258473
18421475
18126086
18460320
2920
18380219
18480435
18359296
302465
313481
307026
18204823
18359287
311162
300925
18359294
18199151
18430914
18435210
18445759
18359289
18441790
18352220
18216703
18359292
18359300
18359285
300488
18357912
301358
887
2154
18331053
302024
310493
18358183
18384112
304713
18380639
18500628
301800
5084
307225
18153548
7225
303430
8833
301507
3372
306479
3894
305967
18345519
18208880
257
302242
1969
2966
5368
18272383
18232098
18332018
303093
3105
18014114
3079
301015
312566
301498
18368621
302497
18378033
6266
18454058
310319
309043
312579
9817
313046
305209
301313
309037
18471239
18398753
18204499
18424636
313473
309168
18244236
306310
301214
301417
6131
18409201
301213
308994
301207
18332058
18128895
312943
303860
309254
304994
308938
307989
18014118
6095
18460325
18458658
18458655
300661
9643
18433987
300359
300350
305025
311468
18453049
18203154
18396684
312000
18423863
18435320
18423140
18377919
18423861
18438426
18435811
18423872
18423870
18423859
18423857
18423867
18463999
18435823
18435307
18364846
18454568
18435335
18435314
18438446
18472613
18455553
18418234
18446496
18421462
18435303
18472628
18378015
18435331
18435787
18421470
6128
2297
309793
311263
4673
308849
305348
301149
18289231
18107859
18440187
18378062
18378025
312864
18440143
18440175
18421488
18460414
308853
18439029
18377928
18264980
18441696
306656
313508
18378024
18258507
18421495
301208
305003
1274
18423095
3772
309481
309495
308942
2315
301204
312747
309498
18126085
8293
309496
18415367
313265
18382755
312639
311194
18345730
2012
1205
18291212
8257
18372696
6122
5851
18219520
304987
18311958
18291214
18451584
18365372
8517
2934
2017
18324529
18399818
300957
2932
300959
18273548
18420679
312991
18277153
309346
304259
309227
309551
6190
6185
18022625
308222
301118
308845
306826
18491638
311199
18466825
303468
300801
18372299
18232109
18440163
18440436
18449949
18244429
18432030
18293989
18289272
18393448
18440169
18294222
18499474
8619
18228125
8376
3700
6777
9806
303592
3093
9803
18228856
304304
18258483
303590
306595
305159
6256
18308458
1546
303582
3793
6261
18017248
18244250
310536
18376484
6120
312855
18400762
18238913
18463971
8276
18252395
18441678
306492
18336474
8488
18372294
18107855
6248
6252
307986
302425
6206
302418
312671
302433
18128853
18474418
310807
302442
302396
18128862
303906
6219
18377912
307976
308522
18432109
18343904
18438457
18380146
18163895
18377888
18377880
18438438
18291209
18418243
18441700
18441710
18441706
18438448
18409189
18438465
312810
310563
302424
6218
302358
18258510
18336496
8530
18430246
18281964
300961
311253
6237
18208900
18432170
18377902
18281993
18251459
18420694
18424661
18317329
18421492
18057803
18479003
18292453
312352
300729
8600
18222554
18180073
215
3779
308360
2509
4725
584
308785
305386
3790
1547
8979
18254520
18291232
309473
18291215
18420420
18249080
18419896
310440
18364535
18264964
18225627
8502
18419871
18460925
18446390
18377897
18418276
18421471
18445361
18377901
18418262
9954
313171
300780
8628
5446
18400759
5260
301517
4716
5293
6561
18222576
18454520
303128
2053
304092
5448
2055
18288186
18383610
18265408
311184
18375390
18423894
18424584
311248
18371398
18390095
18414502
18377895
18499026
18424582
18419649
18348614
18313109
18478723
313193
18457050
18395538
18294257
18363089
2399
300501
310732
307006
306891
18366009
18424895
1106
6052
307002
18279090
301803
6959
18415357
5965
5400
18245258
5420
18282019
18292455
18261158
303247
301335
18322665
185
3455
4010
355
309283
300527
18421049
300430
4021
18352678
18175283
8365
18238968
2530
18057812
357
18277003
18241509
8801
305479
306245
216
308111
308555
308242
8373
18294251
7396
7066
5663
476
9053
306168
302715
300473
9050
1904
7526
1905
18277018
5560
1906
306106
303704
300594
306403
309064
309606
9016
18124379
310758
312003
306643
2407
306096
1931
18303704
309998
8840
3918
306488
311448
18228870
307356
302142
8845
310253
18454460
18070503
18430600
303635
9552
308784
308156
18378056
18337965
18445784
18445793
18458348
18378861
18449646
18357561
9561
2965
18204820
307620
312223
309542
305086
978
2364
969
18438452
974
305694
4163
18241878
301820
301817
18363209
18472638
18323144
18365385
18461723
8649
309435
308791
18255603
18228874
308880
310162
305861
18382113
312916
18249097
303589
313006
304586
312213
18471517
18238245
18451166
304573
18236975
18391689
18449629
18451158
18342574
9251
311394
313349
18352288
303500
18270343
18363067
9262
310357
304393
9635
18432206
18349914
9269
5483
18371416
18371421
312620
8957
303537
304803
9194
9181
18017240
304769
304809
18261708
9176
305699
7484
18233572
18261719
18378051
304831
9226
304782
18464634
18322599
18464647
304753
311385
7416
18358184
9280
18441658
18312652
308037
641
307099
7419
18288199
18435837
18241874
303250
301927
301931
558
300485
18312575
310666
18464625
18435330
18435322
18014151
18464648
18435326
18375378
18464629
7291
213
312425
310281
9956
311379
9670
300323
300335
309307
9853
2366
18163915
309836
7330
311957
308929
18233583
7488
306636
305674
18034042
511
303124
308107
3980
304176
309013
307506
5262
306978
18237962
3979
18268708
312183
7377
18265722
311945
8727
18475269
306809
305398
18222572
5392
18350101
3967
18265676
6449
3080
18017253
214
307276
300872
18398592
6451
18476960
2958
18306511
6454
313173
18153553
18082238
18420452
1054
3516
18358681
176
307911
18198459
495
18224547
301657
18287876
1992
311836
309383
311421
18232108
18228867
18163908
18445790
310395
3083
966
837
6195
313368
7061
3089
497
18294265
310768
18415387
18254514
304233
5878
312482
18241862
18368023
18479012
18438896
18479008
18446504
8933
310912
1301
7428
410
1926
305758
2635
18332869
18237341
1618
303575
4885
300347
201
3135
7427
8666
7306
18363093
308051
308049
311383
300300
18427200
7342
7401
18443750
18381646
5527
7373
18322646
18453448
307278
301242
965
18430901
3086
307135
309845
18384149
18454951
18245274
305275
18175303
2379
18455949
6658
18198467
218
304928
4056
310435
5890
302466
8915
309051
1951
3229
1078
5313
191
3370
8883
7137
9340
2000
8389
6481
18332083
18421481
305913
18337975
18124373
6258
311544
310858
310874
18361241
18335692
18377920
18377887
18421050
18421693
18268361
18428216
18421058
18347812
18421457
300560
18424579
17977785
18168154
18025106
306012
18386266
312023
304453
301836
18491264
18272352
17989093
305579
305552
310538
18037814
18352176
18430909
305570
4455
306586
306495
4563
18365991
18357946
9037
4566
4560
18454473
308080
18355146
8379
4454
308972
18383434
18381626
18245286
9061
18432240
302089
309695
305486
308863
304161
18241496
8564
18485858
18037798
18198440
310272
18428721
18469949
310273
18187733
301767
18460328
305785
308868
18372667
18133491
5499
312054
309167
18358654
5413
312073
307140
18204464
5774
302005
18499450
302057
312172
312171
18285208
306180
18449824
9209
18203182
311600
4792
4164
301377
4338
8696
312201
8695
3657
2362
312448
310640
18221405
3654
18333392
5925
4793
309323
309198
4785
18378048
1360
1313
4762
6747
311116
308732
18312471
305171
3961
301506
358
18462584
312536
308605
3483
313376
8805
3536
1920
18417487
18462603
18361580
18462605
18462609
18481295
18472765
18499452
18500652
308022
308016
306046
305905
2760
306153
8913
305670
306946
305815
300074
18161587
18352208
18384142
18451182
307935
18359286
18492107
4172
18461214
18286517
18383513
18425765
18398610
18237322
312562
18238279
309696
313209
18294226
309387
309015
305662
311297
18153541
301499
305792
310854
302288
9290
5960
3346
18255106
18232093
18254537
18361762
18424627
304832
18241497
18233573
18025103
18291198
2165
308577
1654
307580
302880
9895
302455
308023
18341926
1096
5230
18337917
338
307416
308897
18369743
300119
18381642
9674
308840
5032
3585
311777
9957
159
313204
7472
17953932
18432226
329
5068
853
310155
18382626
2071
889
1145
1140
18133490
606
18415355
18070491
2620
6709
1131
302336
18466800
6832
2711
2710
6690
18306521
306032
312301
18374686
311788
4185
310870
18435802
18446404
310487
18175242
18352277
5717
18216898
18412860
313078
17977757
18406140
309451
309851
18420454
18451577
254
1454
1451
18423890
18265678
3559
18472606
305919
9122
306524
18336214
18265365
18354631
6769
18203171
18419894
18444356
7516
306540
2087
18265720
7518
18254541
5190
313401
304524
6764
18388168
309763
18472449
18144467
300654
18332527
18472639
311534
18458334
18353710
18313132
18430561
18433874
18477541
18429842
18445248
18441809
18217127
18349508
18458335
18398616
18291229
18471335
18291233
18291231
18352271
18204811
18439516
8597
18237346
304897
308553
18138430
18161583
313316
311486
18285725
313047
300100
2091
309125
18408063
309136
227
303749
304552
4719
313085
18306533
8147
301310
230
309466
300938
18180062
3603
309030
309033
304192
313043
4817
303003
310699
18306548
18383504
18415385
18264977
301936
7083
308726
18430874
18375401
18264717
5106
303209
308681
2817
311480
311844
18291436
303859
303699
18396428
8651
7076
312105
2148
18427868
18349898
311662
18430557
18241896
18291458
18492641
18485789
18144444
313477
18133515
18312451
18463956
18312606
300652
305687
17977796
305072
304182
18273546
309642
302239
18421938
18294576
309308
18419875
18357944
18337882
18358189
308199
18292436
18458641
18435789
18352250
18458643
18458635
18352655
18358175
18458642
18458638
18447121
18384132
18458637
18313136
18393717
7585
18412603
18451572
7594
7583
7580
18337782
18354658
18311951
18311953
18431379
18425780
18361522
18401128
18354667
18489513
308018
1922
1218
8429
18364239
18322638
300269
4278
300183
18398506
609
18336204
300185
18441539
18340217
18337894
18157413
18429166
309339
496
4398
836
18252386
8430
18435794
18254529
5052
305996
18241517
308447
300772
4133
302139
309545
8351
312214
18377927
18128857
8151
307628
18232121
18253392
306688
313120
3735
8422
18254400
302132
4505
312275
311614
18258162
18462602
18479007
18357945
18409187
18303709
306956
1245
305862
313149
309252
310737
18383472
312995
18153552
309317
312783
18323036
310876
311231
18455665
8501
18217007
311085
4882
18138415
8077
18146472
312175
18224558
18427226
3143
18429379
18156287
18146390
4518
18435298
18342098
18489509
18415359
8115
301005
1323
301514
18261722
310417
18175334
399
387
18228862
309519
3226
18228855
311688
7913
18292482
4717
3145
2799
1698
5678
18208904
18463961
308951
18336506
304691
308563
2655
18462632
18265709
7986
308770
18472688
5757
8520
312517
18308083
307290
304496
8532
307920
8069
8110
312703
8105
301108
307888
302518
301103
8074
18486840
301110
18322648
312463
8022
309693
5755
311186
8017
447
18224208
18312466
312241
306555
9740
8061
8065
313329
311229
8072
18292451
18485826
18489806
303152
550
1669
2329
390
8012
3212
4482
302502
5742
2331
304986
18273622
18382363
301116
18382366
18382368
18432027
18254314
18345109
18432201
18407293
18438456
303371
3443
301420
18325165
308451
166
7784
18216913
396
18268727
310399
18254530
18272353
18014141
3306
300180
3695
4248
18265419
1070
4721
18237334
18258775
2336
18264533
7945
18273556
461
18372695
18303706
9252
3796
307566
18273566
309111
18198836
1226
18261140
300907
7992
486
3251
18203626
307724
18424869
5744
395
18334423
439
5685
18431970
18157374
18428614
312978
312243
18157407
18383031
309873
6033
18204467
18428215
312184
309318
18249124
8068
18382337
18489849
18381674
18486858
834
18345461
307232
18311928
2342
302535
309088
18458315
18219552
18289257
5239
7983
3154
302727
302558
18244520
18255160
302575
18377587
311419
7982
307719
18432192
18383448
18272355
490
18268716
18268712
384
18336495
1244
937
304612
1702
18421057
9836
309278
18352262
5677
18345747
311338
18427229
2334
301392
18279437
8385
18430590
18332077
18478962
6800
1460
18303845
18458632
18261720
1722
18258491
18377891
307841
302501
310170
312187
313164
9735
307145
18070483
523
304934
303025
18446433
18291227
18383490
18349905
18440171
18383460
18440164
18383477
18440192
18440424
18393700
18382377
18371430
18383481
18383484
18440406
18441551
18383444
18416753
18381647
18421515
18440395
18284048
18359322
301402
301468
18438321
301461
18472419
3740
3155
302541
309799
2979
302421
18289074
2025
791
18408048
18233620
307447
300955
18233617
7932
307407
5619
7869
18208913
305222
4530
5598
5610
3707
309818
310766
8084
18014129
1745
18371395
18219556
1919
308441
18363088
308725
18332051
18450749
18438435
8095
1337
313045
18441667
3679
302406
307424
18412876
306551
18370702
18396425
311974
18439546
5686
18439535
18287405
18412870
18466390
18352184
18396157
311332
311342
307974
18439534
18460087
18383549
18463984
308763
18398614
18387305
18373560
18454484
18433905
18448608
18381258
18478972
18499456
18420881
457
18419879
18204489
18368024
18255134
18410380
310753
18303838
311706
310724
18313203
312313
18339329
18435295
18277023
18456765
18255132
18419113
18486776
18254559
18281160
18216939
18268724
18252385
18157400
18243997
18057810
18415343
18440751
18268352
18421504
310208
312369
18378014
18454463
18412866
18322612
18352161
18472676
18277218
18254253
304727
5684
18432227
311341
18378765
18138435
18163927
18273432
18470627
18252364
18376068
18373828
313410
18261811
18480748
18435293
18353796
18480321
18480216
18495875
18500639
2327
306167
18466951
18383531
301081
306023
385
18082207
2939
18398605
8497
2971
9313
308578
1727
18273047
18432195
18128894
18163938
308059
1498
428
386
828
393
2483
18439524
305961
1726
1733
18216929
18375376
311228
5702
18490756
304502
501
18390891
18459896
18265692
510
18393406
18382335
18375383
18435805
301120
309599
6225
18292449
307850
8462
6226
301105
18435292
8096
18381676
18435313
18430895
18433542
18126119
18432196
304487
18432232
18432223
18433909
18492041
311622
5696
311656
4758
7909
6036
5776
18380262
3753
304480
18128892
18418274
308718
5746
18435329
18281973
8090
8092
18215963
2480
18391140
18451823
18414468
18439012
18385889
308750
18371420
310755
309971
18469955
18466392
18144457
18258503
308758
18268502
18423896
18423098
18396437
313358
4483
312186
5698
313305
18281981
18367978
311533
18285723
303996
8138
312428
18391137
18378580
18462716
18460908
18415381
18409211
18424868
18478895
18448390
18492086
18492089
302308
311523
309702
1683
307703
8601
300713
1844
18224549
18258764
18273567
307335
18252359
18160567
5777
18423860
18358191
18378040
308751
18382349
18313786
18423877
18274402
313103
312240
18418649
18332053
18462972
18411585
18383535
18431190
18424201
18354978
18313143
18014154
18351053
312316
18416867
18429391
18435321
18382362
18435296
18383462
18472450
18396341
300988
18357548
18204456
18474432
18292443
18276998
18393840
18138418
18358190
18340903
18416310
18381249
18307266
18254543
18441561
18275760
18445768
18393815
18399250
18449300
18349808
18440423
18440409
307014
18372688
18332064
4480
3764
304636
8237
18112492
307340
306560
8228
18371428
5634
18133476
8236
4541
18409725
528
18312609
18336481
5848
782
312937
18133471
18216936
18425760
18349937
304950
304633
18375411
7849
18279458
308322
301442
307931
5046
5044
18365987
8413
18261703
3575
305272
18128900
17953909
18238250
310203
18273972
308390
18446415
18037822
5042
308470
1851
313393
18396412
598
18441701
300491
18249121
18451594
18354665
18352295
18391176
310799
18385781
313456
18285721
18360098
18241877
307678
18391141
18354655
18324806
18492062
8689
18435305
18254553
18249082
18354645
202
1913
307532
7642
306264
18383512
785
18380149
69
2595
18260641
304635
306028
311593
7861
18345810
7906
4847
9596
310345
7856
2601
18400728
18334458
18466740
301239
18426285
18349930
18441523
3490
18365894
7735
302577
1533
3541
9529
308407
760
3620
304876
306
576
491
18254518
3686
310705
9094
18449626
9099
18146398
310701
18358171
312378
9842
18312618
305651
7793
18427201
18254523
18231390
18424170
1129
18427231
18312616
18279459
313408
18409216
18345770
310454
18291213
18124387
18396431
18392211
18034069
18350136
18446413
18476542
18499471
18499459
18499475
9273
4290
309134
312592
310829
6897
18144475
18357570
18311926
313122
302041
9852
18336484
18372397
312665
18017239
1029
18350120
311975
308191
306976
2107
5079
301989
7857
18252369
18228895
18452403
7862
18473378
2874
18144453
18458625
18492050
18313153
18435830
18449620
18452241
18425740
18492052
304299
310776
305240
307065
6834
302027
309986
18492087
18383525
306938
18396200
310412
18396399
1019
304718
2177
17977759
302037
18399220
6835
309987
302044
18336543
18396397
18449666
310515
304793
18449785
18489522
310632
302256
18312631
18342375
18451168
18396191
18444299
18482069
18481290
18449658
18432664
18449662
18396426
18492042
18469972
1452
303779
5876
306037
305242
5904
304062
8037
18377449
9496
18471308
18471318
18465871
18472646
18222581
8099
18265697
303571
5992
307151
18337896
2679
311053
18477428
9178
18306531
18107844
301730
301731
18477319
8026
301729
2680
312967
309927
309936
304114
18204478
304046
9299
18449815
9233
301728
4462
18469962
309368
18380284
309654
18446428
18480389
18408041
18381244
18456807
308963
308962
308961
18471268
18471284
18472443
18471328
1413
301127
5010
1414
304112
18444264
9224
1715
4464
8054
18471285
18472418
18472429
18472426
18450934
308957
313040
9698
18258480
8326
8318
17982346
18356019
18270379
312688
18294253
8297
6143
1823
18458631
18204501
18381668
18287397
18382355
8266
6013
18279477
18359331
8153
2198
301151
18204479
18273628
304006
18427216
18434243
18471296
18471262
9785
312514
18433315
18471304
7471
1820
18250288
18270895
18219542
6161
3866
5005
3863
18474912
2565
1367
18400756
18383469
9650
18107832
18391065
18089254
18082235
308335
18416829
303267
9814
18355112
18421965
312981
18161568
301177
309558
18313839
18138421
6077
8128
308082
301193
301170
18466407
18466420
18466931
18464631
18380180
18464607
18466939
9824
304004
303871
8308
8321
18303717
8319
8320
18420432
304001
311047
18472625
1430
18425750
18261694
18363078
18273572
18421024
18247033
6150
6152
18365998
18367316
18471260
18126118
306962
312842
18393702
18445360
312084
18429393
18241905
18359861
18317486
18466980
8029
18469937
18452730
18439547
18452267
18466937
18433879
18241538
18432933
305618
307803
307084
18433852
18419654
18463990
8167
309656
305235
18133473
8169
18458540
18482753
18369105
18353030
18396398
18469976
18471246
18446082
18469936
18367078
18471327
18381643
18471244
1804
18133510
308380
4931
18217857
312102
8417
18037826
311051
301163
18277177
18377907
18292444
18345740
18344478
18261699
18460293
18446418
18471320
309632
18107870
18380159
18237362
18433895
312874
18472651
313089
313076
18349251
18089775
18424179
309672
18420465
6025
312788
18037817
18161577
303960
306134
7528
18273624
17977777
18017612
18249144
25570
20404
20842
18017615
20002
25587
24286
18217475
20747
18377112
24530
18343731
24452
20870
20350
25664
18259462
21220
18313566
18075122
18237753
18463285
18435740
17806994
18318116
18458563
18388642
49003
18408295
18270976
18447068
18441580
34757
35217
16527711
49486
18233317
18216876
18353121
51705
51040
18439634
58882
18339874
18385443
18366652
18162866
56464
18221572
56618
18305628
18422898
18430785
18359919
58268
50943
18407918
54162
18354483
13231
6507967
6508323
18441490
6505309
6507495
18350020
18383076
6507461
18383095
6508117
11807
6504409
18417624
6506206
11371
18378852
6505564
18292672
18452864
97824
18356469
90847
97503
18418730
18418733
94286
18443506
18313013
18312984
90744
96814
96776
96626
93766
18280329
92577
90499
18307251
72604
70894
72475
73088
70497
66457
69024
71443
18384227
70393
70890
65055
65413
73279
72497
18423075
70092
71492
70431
69951
800089
801170
800326
800891
800468
801693
801640
800483
801384
801636
801247
800576
800237
18375866
801675
18296995
18385021
800273
801684
900524
900533
900561
95256
95331
900547
95286
95304
901089
900032
900800
900682
901004
901035
95333
900111
95361
900969
95421
900282
101834
100305
103065
101212
103147
100306
103019
101259
102531
101884
103090
18209498
102504
102867
18454586
102215
101311
102216
100080
102813
18143128
18438944
18438909
18396250
111826
18335583
113537
113325
113702
113433
18371341
111895
110395
110436
110516
110237
113703
18385201
110502
113570
120219
123125
121214
122003
122830
123294
120014
123010
120221
121552
121120
121425
18424018
120519
120203
122940
121335
121553
122064
121312
16512333
18022206
130230
16512336
16519168
130567
16512168
130021
130275
130888
130409
130332
16519268
16512186
130535
130008
16519267
16541849
16519231
130699
1402050
18395137
1401756
1400186
18254231
1400555
1400460
1400169
1402089
1400544
1400121
1400466
1401857
1401548
1401934
1400056
1402028
1402335
1401948
1402314
1600067
1600205
1600029
1600280
1600326
1600258
1600298
1600292
1600007
1600219
1600039
1600169
1600252
1600227
1600053
1600307
1600109
1600212
1600108
1600095
15853
15292
15091
15497
15321
15132
15008
18400368
15309
18444271
15705
15717
15005
15774
15221
15239
15104
15368
15777
15078
2100702
18224282
18381932
2100921
18384506
2100870
2100101
2100719
18397909
2100478
2100712
2100565
2100322
2100849
2100074
2100861
2100676
18480196
2100108
2100776
2200011
2200044
2200045
2200132
2200078
2200153
2200055
2200236
2200033
2200175
2200043
2200030
2200034
2200201
2200149
2200001
2200067
2200358
2200283
18204507
2300162
2300183
18377936
2300003
2300061
2300009
18312106
2300187
2300065
2300476
18391601
2300497
2300188
2300018
2300058
2300042
18407105
2300176
2300483
2300048
2400144
2400195
2400119
2400016
2400009
2400148
2400017
2400052
2400193
2400027
18317988
2400293
2400279
2400019
2400349
2400020
17960073
2400403
2400010
2400014
2500023
2500030
2500346
2500343
2500079
2500075
2500256
2500390
2500122
2500024
2500123
2500052
2500134
2500029
2500062
2500054
2500069
2500076
2500007
2500056
2600031
2600010
18461339
2600340
2600079
2600303
2600230
2600109
2600250
2600514
2600494
18108352
2600311
2600472
2600003
2600025
2600008
2600007
2600393
2600180
2700263
2700002
2700007
2700044
2700036
2700010
2700082
2700085
2700049
2700223
2700032
2700011
2700019
2700059
18388053
2700242
2700241
2700008
2700024
2700001
2800052
2800019
2800856
2800012
2800096
2800095
2800911
2800013
2800881
18285610
18306045
2800083
2800042
2800757
2800418
2800294
2800128
2800897
2800100
2800903
18436042
18408676
18413814
2900219
2900587
18271459
18377283
2900234
2900562
2900354
2900640
2900020
2900473
18362677
2900550
2900469
18235390
18408600
2900012
2900044
3001489
18280306
3000048
18260777
3000122
3000195
3000996
3000001
3001032
3000016
3000021
3000107
3000770
18434000
3000062
3000014
3001065
3001321
3000126
3000132
3100302
3100143
3100422
3100008
3100010
3100014
3100448
3100441
18237384
3100033
3100142
3100153
3100044
3100446
3100145
3100017
3100148
3100030
3100159
3100013
3200034
18275708
3200440
3200590
3200311
3200012
3200021
3200584
3200269
3200265
3200497
3200005
3200002
3200090
3200537
3200032
3200015
3200024
3200560
18295781
3300958
3300949
3300058
3301308
3300061
3300138
3300107
3300707
3300070
3300416
3300741
3300780
3300065
3300041
3301035
3300057
3301236
3300369
3301169
3301013
3400025
3400346
3400392
3400017
3400326
3400391
3400016
3400073
3400105
3400059
3400021
3400341
3400033
3400060
3400005
3400019
3400072
3400325
3400350
3400348
3500505
3500011
18440677
3500059
18408585
18416632
17971273
3500018
3500017
3500484
3500024
3500010
3500013
3500365
18279289
3500414
3500488
3500007
3500081
3500012
3600012
3600285
3600265
3600009
3600352
3600354
3600071
3600375
3600436
3600015
3600148
3600008
3600192
3600072
3600022
3600252
3600119
3600361
3600013
3600014
3700037
3700049
3700041
3700069
3700051
3700021
3700024
18378803
3700387
3700036
3700017
3700009
3700019
3700561
3700160
18427467
3700408
3700056
3700010
3800319
18396610
18439181
3800238
3800021
3800000
3800022
3800252
18367402
3800020
3800437
3800477
3800003
3800053
3800052
3800078
3800016
3800018
18362165
3800002
3900250
18246202
3900057
3900245
3900059
3900232
3900032
3900021
18346996
3900055
3900050
3900007
3900058
3900070
3900238
3900067
3900009
3900158
3900004
3900010
18343124
4000344
4000033
4000027
4000001
4000277
4000031
4000294
18369321
4000016
18279982
4000018
4000007
4000269
4000030
4000222
4000015
4000081
4000004
4000069
210134
18233284
18269368
208939
18381837
210139
202321
201340
208850
201531
201044
208965
208778
18340881
18289126
206488
209654
202507
18254160
209703
18493989
18483446
18483085
18483372
18479742
18479690
18482938
18483224
18484423
18483389
18484349
18483222
18482983
18483714
18496057
18485469
18483051
18484464
5602055
18376208
5602942
5600103
5602586
5600556
5601521
5600961
5600959
5601340
5602377
5600701
5600457
18268134
5600960
5602751
5601404
5600642
5600424
5602884
5704255
18253896
18277098
18212135
5702574
5701548
5700052
5703500
5702615
5701446
18235425
5701052
5701978
5701917
5704118
5700386
5702418
5704202
5704168
5701729
5800433
5800316
5800590
5801321
5800144
5800176
5800755
5800612
5800567
5800634
5801970
5800891
5800515
5800758
5800718
5801078
5800156
5800710
5800746
5800557
5907325
5927248
5902117
5904116
5915547
5908749
5916085
5915807
5915054
5926979
5919120
5912546
5908736
5913494
5905215
5916112
5920764
5915730
5901782
5927402
6000871
6000549
6000447
6000168
6000921
6003879
6001980
6004813
6000019
6004089
6004408
6000747
6002025
6000409
6001537
6003426
6001757
6003668
6001748
6004011
6103211
6114829
6127163
6104220
6103902
6102615
6114338
6113857
6113680
6118140
6103922
6117859
6117406
6102866
6103868
6101881
6113973
6103255
6103683
6100054
18318801
18426586
17957917
18107765
18295472
6201976
6201130
6202039
6201972
6201309
6201312
6200110
6201336
6201431
18261203
6202515
17957911
6201360
18425995
6200383
6304287
6310406
6318506
6300010
6315438
18189371
6300002
6309455
6314302
6309903
6318433
6314987
6318213
6300781
6314605
6301290
6317637
6308205
18255654
6310470
6403544
6401789
18337845
6400191
6400217
6400421
6400235
6403452
6401054
6404082
6401485
6402177
6403291
6403499
6401732
18395463
6400621
6402163
6401198
6401060
6517568
18204217
6502688
6517396
6516831
6502341
18370704
18339373
6501141
6515130
6515339
6502852
6502883
6516432
6517404
6516766
6515135
6501534
6502857
6502134
6600427
6601589
6601862
6601218
6601457
6601602
6600214
6600970
6600060
6600083
6600681
6601515
6601361
6601158
6600379
6600292
6601595
6600441
6600116
6601005
6704326
6706313
6709580
6702797
6714340
6703956
6700475
6701419
6702159
6705858
6701257
6711666
6713772
6700402
6713413
6706211
6700846
6703176
6711179
6710645
6800443
6801329
6801051
6801039
6801963
6800538
6800577
6800678
6800235
6801374
6800908
6800782
6801873
6800892
6800280
6800593
6801867
6801395
6800569
6800263
6901231
6900050
6900224
6900674
6900669
6900714
6900374
6900883
6901062
6900724
6900069
6900811
6900160
6900843
18273002
6900388
6901051
6900992
6901081
6901394
7001670
18419011
7003682
7001208
7000095
18251260
18450836
7000992
7001660
7006421
7003663
7003855
7001086
18383350
7006871
18217279
7006107
7000162
7005979
7005582
7101310
7100502
7100478
7100171
7101483
7100788
7100811
7100087
7101042
7101011
7100151
7101378
7100938
7100072
7100468
7101000
7100119
7101081
7100535
7100660
21
18295621
15559011
42
15559233
18117427
7200110
7200278
18140858
4
7200343
7200153
7200197
7200348
7200516
7211444
7202954
7201671
7200755
7200370
7302898
7300515
7304307
7301700
7300955
7301215
7302140
7301064
7302637
7303219
7300004
7300521
7300704
7302859
7300596
7300612
7305048
7300868
7304312
7300483
18408381
7422633
7417455
18352452
7410290
7420899
18370659
7423482
7417450
7421967
18409146
7400818
18386856
7405789
7422751
18391256
18425821
7423620
7402935
7422489
18376948
18445944
18238595
75764
75989
75027
75031
18199742
75683
75576
18289339
18318846
75728
18199767
75026
75609
75380
75132
75104
18136493
7600803
7602204
7601024
7600471
7600097
7601241
7600902
7600188
7601106
7600062
7601177
7601102
7600921
7602219
7600914
7602340
7600217
7601577
7602224
7600118
18945610
18198449
313106
553
1928
6360
18670962
18819947
302526
18517789
307406
19300210
18268715
190
308313
18572041
22165
21257
20796
21411
23571
20957
18560756
22656
20826
20240
18439471
21296
24420
18544139
18638624
18848656
21527
24485
20287
32795
18285952
37423
36348
45707
18453961
48323
34269
35105
18635079
34644
18533128
18779089
18349483
49996
32835
18079789
38405
32169
39352
18681043
18790994
51232
57795
61381
51983
50474
51239
57282
18577681
18613656
18767303
50475
52599
18731537
56573
59690
51740
55397
18548293
13813
6506755
18335280
6508047
12073
6505212
6503814
18350016
6504356
10567
10969
18569092
10007
6508401
10565
10569
18836782
6508026
6504412
90903
91662
18207447
94402
93970
91711
18800879
96627
92799
18138627
18707539
96750
18313042
18582430
92121
93316
93959
92881
94336
18664981
70496
69217
68976
71677
71171
71119
67391
19015098
18548066
19267041
65518
18731904
71082
65284
71219
72479
73053
18429802
18474451
68985
18387297
801704
800630
800676
800228
800486
801647
800099
18877935
800561
800606
800259
18718773
800126
801181
800546
800646
800425
18798800
900300
902109
902429
902479
900053
900780
95369
900425
95147
901159
900668
900403
18980446
901622
95488
900688
100242
101837
102249
18778117
102682
100910
101736
100267
101062
100148
102148
101061
102196
18609636
100149
100676
100150
100732
100685
100104
112380
111017
111823
110484
110120
18549832
110478
18557653
112434
110116
110667
18607123
112478
111194
18563265
18545544
110260
110496
121133
120159
123334
120179
121274
120615
120096
121896
120156
122418
120767
18690265
120158
122428
120160
120102
122974
16541831
18211910
16511470
18232814
18555916
130664
130966
1400070
1400208
1400385
1401774
1400126
1400311
1400304
1400486
1400485
1400127
1400155
1400038
18625117
1402185
18675443
1400096
1400315
18746176
18746039
16500299
18746904
16500301
16500330
16500332
16500300
18746148
16500309
19082971
18746004
18746050
18746689
18922563
16500298
18746007
18746062
16500304
18746002
1600099
1600234
18839989
1600255
18608708
1600135
1600136
1600500
1600481
18629821
18603561
18573795
1600119
18698864
18698487
18698658
18699624
18698898
18698690
18698924
18698726
18698644
18698943
18698964
18699007
18698797
18699681
18698833
18698565
18699247
18699406
18698999
18698916
18848790
18704204
18703946
18704132
18704153
18704176
18703932
18703974
18704318
18704300
18704259
18704216
18704320
18703939
19040277
18703966
18703952
18704352
18704317
18704339
16608059
17558684
16604896
17536645
2900633
16609169
17482142
18400530
16611498
16608209
16612550
16611114
17559793
16607969
17842104
17687832
308257
4250
2217
301793
18282007
18161610
18365575
18400746
3383
2786
306503
306476
2787
2004
3431
301605
304746
18258484
18124357
312130
345
304194
8396
1634
18211312
309804
4911
18376494
3955
849
848
18228885
4915
308261
306026
18376469
18435287
302636
4375
852
18238246
7575
816
850
18433910
1630
18249081
18445801
7601
18457499
18364354
18396942
7635
18371396
18282004
17989134
18311930
18396171
18481320
18471314
2649
2067
763
2878
312586
678
580
525
199
18322644
705
7851
437
18451576
18303851
18294230
18396187
756
308279
311511
309838
3283
18264963
586
18157416
18421051
308537
3403
3239
5784
18377458
18355119
18458308
9886
3479
310794
18409218
18355111
18414496
18273617
18423121
18388133
18357958
9883
9884
18380379
313419
18425767
18432652
18312598
18322518
2245
3202
924
18175255
2578
18354650
310348
18376488
308334
18144480
308332
18303863
18400733
3814
948
2222
18303724
18317517
302478
309477
18386761
311515
2653
308865
4385
18396409
18291475
18456728
18365895
18415352
18203180
9835
18377926
147
312302
18313122
18371438
18481294
18372315
18425177
18412904
18481289
18250897
18354330
18430894
18424593
303092
8893
89
301131
5030
307360
304542
18416840
18469980
301325
18381236
301327
304546
18245263
18313482
300607
308599
311033
18252376
308277
306511
9841
312809
18287406
18494204
307025
18446491
18481317
312319
18334400
18390311
18474934
18386746
18446483
18409199
301581
311858
18337885
18415386
18446485
18397621
18416747
3547
302282
3545
3546
309471
300264
18425751
4500
2134
309510
310430
304621
300273
7393
304211
312765
18397908
311485
18146362
18312585
300888
18471330
6269
18391691
18444040
18425152
18357557
310102
18419911
18447302
18486830
18419906
18479001
18313119
18458302
18294233
18286922
18419897
18481273
18419919
18481322
18419901
18419915
18380155
18386707
9622
18138461
18365855
7383
302884
306505
18414495
7329
18224572
9620
18354973
2211
309533
302811
309648
9557
312728
311891
300642
5586
18322651
18285728
18486842
801
2675
73
4924
18463949
1621
5630
18349919
443
18429157
18425781
18425777
18424905
18429161
18265712
18410302
18425148
18264993
18323603
18458659
18429151
18294237
8509
311470
307696
5840
736
300887
9569
8902
303753
18277165
7515
306088
776
9129
18356797
18268344
18168164
18357529
309219
305183
18273067
303149
305189
312972
18356795
18408033
305153
18358657
7362
302475
18361932
18312623
18357534
4855
452
9100
1030
18345755
308444
18322671
18254534
18432219
18286490
998
6377
18425151
18285729
18334465
300828
18398602
302922
7661
18382338
18485936
18385727
18363216
18382373
18414508
18472689
18415370
8621
300221
18144466
311517
18340302
18232989
18492025
18492033
18486862
18489532
18489832
18486879
18489541
18489819
18489802
18489836
18489852
18489825
304018
18124378
18423905
18354996
18354994
3381
309365
304675
775
171
307054
758
18289247
262
7217
18277187
305546
304923
18017281
637
306016
310408
305549
18381663
18180083
3638
2602
18447890
18375391
305547
308336
18336213
3069
308347
313159
303547
7715
7686
304183
305621
5901
18456744
310878
306653
302221
312153
18445631
9218
18376478
302042
9207
302002
18368020
18431171
306743
302175
301786
18369751
302011
18431151
302046
18228878
18449651
18421038
7809
18398593
310958
301130
18433900
3554
304243
313333
2853
18369872
18216944
7807
18175324
18391147
306034
18384127
1505
18414465
18486845
18486857
18489530
18486867
18352268
18352180
4368
220
4150
1862
819
3264
7318
628
18254549
18461946
18358685
308219
309531
309806
18357109
18424971
305514
18361271
18432849
304107
310436
303289
18138427
18285198
4336
18465571
18470757
18355145
18355143
18355147
18354987
18303708
18471278
18419682
18492960
311821
18414500
18355137
18489523
18489533
4283
18303716
18373071
18424903
2739
18255154
313311
311749
18245284
2300
1643
311563
3207
311756
18133508
8877
4889
311103
18390309
3371
18241883
313175
3004
18285180
18303834
7908
3002
2997
3744
2999
9700
18322937
9929
5869
7912
3003
1775
8388
300975
7770
7814
7777
18025092
7789
302537
7769
3465
18372705
18312446
18418358
18424602
1637
310419
300267
18268693
304976
311601
18413250
18349921
5735
303423
308286
18428394
3637
7819
312270
309072
304302
18238307
5944
18175252
7618
308243
309688
601
18466435
18451269
18306545
9315
18441775
18425771
18351495
7582
18258759
306795
9971
18133506
301440
9993
18441545
18281989
1916
3170
677
307474
308386
7760
306934
3295
307418
307843
7761
3467
300969
7457
1918
2301
306859
7246
307032
8593
4840
2893
308246
311353
7247
18218321
18292485
7256
308621
18337788
18431179
7253
18369756
4921
18237314
7392
303244
305403
18458099
313412
309789
302438
9267
18277185
18358669
18279461
18463329
18358667
18394443
18440933
18227685
306581
4096
18138443
9672
769
18222563
203
259
309475
18312565
7717
308192
18340727
3183
18260028
18281967
18336494
311078
5451
18349910
304091
18291241
18420675
18144464
18336488
2694
2688
3948
4496
613
18216901
3506
6957
2298
4815
309586
1127
304154
7855
18219558
870
18254558
7367
309073
8340
4367
53
5608
18264634
9959
18247029
6286
104
1800
930
5738
18237315
18435302
307060
2769
310097
2913
18449638
18351471
18380361
18469940
18414481
4365
300593
6174
300581
300577
311871
3943
18372578
18400724
2729
18357558
4364
18462606
18458647
301523
300589
18486847
300584
2726
300591
18272391
18424639
18272389
18446419
18481209
4089
18144470
310989
18361765
310995
18363044
18424871
310954
310988
18361779
18449661
18241864
18449664
310490
300595
249
307535
18265711
310123
143
307485
905
302156
18425735
2674
2681
302159
302272
300635
310595
3118
18273527
3094
308614
5949
302173
18408059
3117
304152
18354666
311879
18204494
18218076
18017258
301191
6283
302815
18248970
18446423
18446396
312338
18462588
18375413
18458325
301677
309
18375420
198
1192
18390678
18216896
2044
18412952
18082089
18232088
310678
311703
5460
9160
18128897
18211151
307713
9157
18408052
9159
18235302
18384137
306380
308006
18272386
18333489
18342132
18466395
6698
18317483
18317473
18466971
18292472
18449640
18345506
18288623
18492527
993
305598
307106
4065
2288
312391
9014
4088
18256980
18395106
6953
5436
18370586
18400732
6949
5909
307387
18432553
300869
18455950
5767
18277324
306407
6144
4825
18241524
307767
312576
313267
18375397
3401
302370
980
309390
18247031
18400738
6647
18427234
308950
967
18365861
18157386
18455511
18361202
9442
18361763
18463985
18455513
18431175
18492048
18499482
18124389
18361755
18463978
301700
301287
311022
3181
18245268
309604
18222571
306149
300854
1197
6667
18289256
8995
18418240
9470
18349733
6675
18261675
18458347
18489508
311903
9001
4374
311093
18466981
9427
311734
310982
300945
5347
6196
18264447
307554
18034044
307228
9392
307333
9421
9380
18381220
4079
9366
2291
300934
18241893
18238281
18363053
18204485
18449788
18358295
4084
311009
18363051
18421473
18424169
310965
18418278
18418268
18363048
18396177
311209
1267
300672
9792
18175260
18358201
313355
308607
8940
8961
313443
18477957
3260
18361220
18363074
312327
313146
18398575
306816
307426
309421
311640
304279
18286626
18449792
5061
311455
311770
2047
3230
2380
18037828
3522
3322
2049
309463
311077
310126
3893
18458640
492
18361780
2524
2532
2054
18466059
309375
18378035
18255138
18124346
18350160
311037
301316
18424632
18378039
18377889
18378030
18128868
18378043
18424625
18424642
18435806
18378032
18209806
18435819
18429577
18376475
312942
18376493
301203
301201
6079
18082202
18428622
18258502
18464687
18441698
18493572
18432941
18492957
4672
312492
2942
311336
301053
305370
2019
301047
18203185
18037850
18168171
18231410
301062
309489
305565
2316
18431416
313132
18386203
18217428
18014143
313091
313307
18458342
18378017
18255168
313381
18323446
18282453
308928
309483
18126099
18434966
6042
6072
18244534
6265
305942
305987
309769
309190
308253
310653
18354257
18421027
18222593
18414470
18400760
18472702
305298
311331
304957
6183
18203881
18238249
308812
6191
301353
312715
301037
6180
18469823
6173
8531
308359
311894
18285695
4682
300960
313351
6182
304267
309044
301692
305357
308848
311196
6107
8537
18419917
18157406
311949
300788
313139
18440185
304965
18225277
18336477
18462589
312860
18396358
308837
308832
18441566
18378023
18441669
18421030
18382047
310889
18378016
18396955
6249
18441685
18070486
18317477
312518
6127
18423876
312773
18435311
310689
18378019
18128872
302422
18481404
18291454
302369
6228
18332676
6224
18288644
18423122
18423878
18423865
18378026
302416
18128876
18428201
302359
18146396
307520
18126077
302399
308906
308513
311371
18420697
18360957
18442896
18357972
18421494
18472612
18494989
18489526
468
474
4677
18285699
18303432
18057816
310896
18380143
18421467
18420424
18421469
18420428
6092
305630
18377924
9002
309727
307364
17953902
5060
303994
18350112
301670
311657
6088
6242
18128860
18354639
2383
306751
8676
302471
6555
18352278
18455522
304090
313494
18352209
311168
18357957
301487
18312595
18442666
18426782
8672
311364
18376510
312858
18377909
18424650
18409206
18424202
18429386
18424188
18372694
18425318
18424192
18424648
18424638
18424207
18376497
18424656
18423889
18375387
18377900
18424208
18424640
300561
18241858
8521
308716
18381639
18282017
302836
18429381
301857
309087
18037812
18455615
301823
18427235
307861
18281946
18289278
301818
6978
4000
482
311922
18219547
5388
18175340
311889
4016
18277230
305723
533
311616
18380171
17977755
349
4018
6875
8453
18412874
4019
313194
7400
300452
312893
311025
18273640
308067
308130
2951
9026
310359
18349796
300257
9459
18289258
7424
8872
7450
8864
7422
2411
4655
306071
309560
7534
18240475
1924
5507
311755
1923
1925
18277180
18365996
308101
306250
307730
306662
5664
9513
18460329
8580
305251
18435836
18419902
18201995
18360284
5590
300448
302456
18324914
18350118
4651
302004
301842
303122
18371401
2537
18454700
307541
312923
311377
305688
311378
18420427
301848
307548
5940
18375382
8652
308110
18451144
18451179
18410370
18449827
304469
7509
303350
305289
18317507
18261678
18349922
18431998
303497
306695
9281
9271
304405
18430569
18429155
18432200
18361199
18371414
18471235
18471270
18471263
18359302
18313125
18354672
18434072
18312662
18464640
304888
18261161
18375389
304822
18017260
18261710
18312665
18464649
18371391
9173
18464636
306177
18261151
18435332
18466387
18464641
18466389
18175322
8715
7434
302694
1973
301885
18431183
308033
305859
18474850
18295497
312926
18425182
8718
18312656
301925
18312572
301932
18393288
18431177
18379474
312913
18241871
18336183
18372287
18472416
1987
18070479
5645
18232113
18423111
4801
310630
312990
4488
5594
300334
5655
300321
307965
7375
8822
18391167
309166
305077
18423112
18337880
18312478
18336207
18423116
308069
18412868
18453878
18258777
17977786
18491227
308068
304531
311216
18420433
4683
3362
312763
18222573
3892
194
311512
300873
6453
18322667
3966
310491
309685
1959
307444
18476896
306011
5862
304093
18418237
18287382
312634
304212
18375379
309188
9230
306267
18241532
5595
3972
1120
18291260
310801
8272
310167
18037816
18345778
18412888
18441764
300416
18273540
217
18381259
305082
18369780
18216903
18322621
1079
307138
18273627
18420467
8912
3131
307332
311539
18261149
305392
307511
7441
306067
7372
311760
309255
18163893
3132
307075
18468651
18375392
312920
8688
693
18334635
7442
307702
7407
8667
18455210
18369767
8658
17977795
8660
18446480
7409
309445
18427236
18432011
306410
188
9458
18359288
312420
18322647
18445775
309856
311076
7689
18276343
306402
18359295
18218265
6341
8881
303595
308969
6308
9253
250
307439
300841
313336
18408058
309429
9348
302302
309629
6477
5283
303204
18246132
3108
18421463
18445804
18377915
18418263
9909
300695
308235
2299
300688
18250020
18235498
18124355
307818
307940
3173
2308
6240
1258
197
304598
18198821
18366006
18447292
18430898
17989089
310255
18430905
18462257
18430907
18451597
18429149
18431145
18492045
18455545
18312627
18451605
18366008
18441532
18455551
18455547
7077
308595
308991
18425157
18282040
9040
18292457
304583
7071
18336478
309305
18472436
18414475
18292469
18391581
18367984
18472448
18372669
973
9517
310728
304319
305866
18431176
5964
308862
18268710
310286
18312644
18204802
310279
18431191
313137
18429180
310254
18089242
302136
302103
18034071
312041
7297
5412
313067
302047
18291240
18306543
306185
5470
18354634
307946
301903
18437128
18381265
18401212
302729
18312449
306179
18363058
18331594
18372661
18246995
1305
300461
18285737
300472
18264996
18124369
311390
18247014
2403
18287378
301380
18355037
18365391
8508
311333
18258762
18204810
300457
18277000
301319
7231
3540
18455518
158
9778
18336180
311061
1284
1655
18138457
311579
226
18391156
303709
18397469
301737
631
6804
18458663
307309
306133
309883
308570
2144
306132
305478
306128
306142
3213
306001
18372311
308673
301278
18450609
306858
18237324
18233576
18256890
18258477
302229
309697
611
310525
302184
2827
308044
6915
18444353
18322677
18444416
311718
18322666
310211
18224536
18382344
18420450
7418
18070480
18365994
305776
18355106
1216
18372668
303100
18025098
7078
18425140
308889
18339049
18403465
18261725
18408212
429
3953
305682
1599
2064
3855
18276997
303477
18381233
310445
18198441
311758
300538
18354984
2061
305400
18466924
311759
3582
18461599
302907
18252419
18218304
18337904
18471259
9169
4122
308223
18025110
5129
18461280
18462214
18387990
303743
18265716
18311952
18332976
18350144
18382370
18463955
18350142
18337883
18306504
18463967
18350138
18427204
18391133
18391145
18458633
18421451
18463969
18277216
18352171
18458319
18365890
18360143
18322661
312555
18306553
308113
4602
18429378
18138454
18363405
313275
312570
18391189
311837
18273621
18341082
18441709
18466966
18157408
18292458
307398
18265424
18439540
5011
310235
18380197
18351822
18345767
18423797
18251519
18314053
18124345
5935
18464624
18391166
305140
18495252
18464618
18398590
312560
18433016
18352658
18343001
305790
307502
312265
18289241
18382055
18246068
18352682
304564
18433295
18408054
3449
18463965
18425752
18285745
4618
306880
4256
18383488
307043
18285736
18408031
8931
3446
18441771
18285742
18366026
18393697
18450874
18237941
18398606
312684
18232128
6877
18322641
309377
18381235
18282037
18322684
301383
18441175
18365865
306883
18237318
18258571
18014135
310500
5019
5915
4188
303866
18460280
18346735
18423904
18144481
18393708
18464002
7096
303865
303697
18311942
18274332
309341
311866
18244261
5927
304771
18476498
312683
18381262
18420426
18349911
4121
18371415
18350125
302248
9967
302251
18466943
310531
18423107
18124368
312708
18365988
302243
309867
18463970
5768
18175288
18352657
18345759
5004
309543
18224532
2180
308617
18376925
304351
894
300066
18037824
18268733
306719
306477
4154
18381664
18303712
304518
309021
18241869
305125
7634
307801
4821
285
64
18208886
5438
18391320
311854
18445781
18216918
18157391
18429392
18204486
18391128
18249109
18341806
18355138
18292083
7573
301559
18025114
9742
301562
307786
5104
4358
4471
8344
301509
18433889
302144
310063
310790
18281980
18281983
302127
312278
18429395
18279435
309641
18427237
18373737
18364351
8152
313035
18377925
18277179
308263
18204463
18025125
872
18409224
18381226
575
300749
18384115
554
18208920
301302
307627
278
303094
307509
308357
18277030
18337929
18466412
18466616
18424675
304510
18258756
18180048
18258742
18367439
18382382
18465093
304493
18425782
18249084
18161600
18245267
18450369
300914
310875
4627
310694
18473005
18346730
18461590
18380141
312237
5761
5760
18265705
5700
18265723
18408051
308670
304730
310240
8109
8108
304254
8062
311993
309499
301106
18435286
304937
18082236
18441772
18126101
18409182
18431193
18431981
308737
18258397
18156065
18020006
18466970
18499455
18252394
427
1701
450
311649
1735
18277171
18268722
301415
18268698
3924
18349895
18366022
18272377
18265411
2985
3250
300952
309098
18268925
7956
409
8888
307718
18236270
18435308
313151
18433854
18409196
309059
18446503
311375
18357543
312573
18323760
310609
18279442
18419893
300605
3149
307555
307720
18252573
3153
309215
18306542
18337905
18273632
18361221
18396179
18337925
18425747
307297
18352249
18383479
18427249
18383470
304484
18255153
18287399
18477658
18368602
18346998
18439522
18433898
18435795
18417576
18423885
18440416
18291234
18383486
18400723
18370372
18433903
18383527
18381230
18430593
305317
7991
310539
18400768
7939
2191
18017237
18349929
304103
18381672
18424880
18356801
18430892
18382336
18439721
18430870
18424874
18431158
18432198
18265399
18424872
308648
17977758
5681
18388032
18481312
18383529
18412897
18432190
18339370
18478971
18430884
18430878
311013
18368015
18391158
308623
18034079
18398459
311698
18361198
18472655
18391164
18255715
18234101
18418205
18388008
18376508
18391172
18291236
18463699
18381224
18409212
18233621
18380150
18426112
309155
304818
18365588
18423131
18418250
18335834
18337921
18489511
18478977
18332475
18421059
18357573
18441760
313049
18344518
300958
18376492
311256
313360
18237719
4469
3939
304441
310775
8130
18382564
312935
18388148
18490967
18491387
8089
18383521
18322688
18481296
18435790
18244407
18382356
18368771
304750
18128867
18391059
8767
312188
18281813
18409175
2572
3824
313502
300756
4239
313250
8590
8623
18168161
8583
308717
18424598
18268694
18382347
18424631
18423900
18382348
18382345
18424588
18381667
18439544
18312485
18216323
18471723
18430582
18435797
18466993
18469970
18439541
18126089
18435288
18456271
18468948
18439523
18313605
18415977
18352676
18439527
18383483
18433873
18439529
18431976
18442657
18394367
18439532
18454471
18458636
18245275
18371413
18441665
18273973
18441671
18384109
18441569
18489827
18375406
18466397
18441563
18441559
18358662
18441557
18489823
18441663
18277008
18469933
8226
18372251
18206836
18146402
18254527
18219528
18216904
18478981
18208893
18432230
310762
18355013
18303715
18348609
18310503
18410832
313415
18460286
16604370
16643459
18185059
18385186
2200000
16608483
16604911
16659169
18255631
17606621
16612028
17452342
16613059
16613507
17557488
18182702
16608864
16613649
18402768
306319
652
7316
310502
312476
3719
306198
2742
3192
3077
301227
18082630
18384138
7591
300271
307168
310320
18485984
301237
309808
18466422
846
18421499
4376
18312487
311856
312194
845
18396184
18433864
7643
18435290
18433897
3238
18438424
18288994
18469659
18435289
18435820
18435829
18268706
412
311267
3428
1876
313242
307500
18433907
7621
18418273
7561
18387105
306779
18354969
309801
305123
18374707
7557
308703
312980
18265689
18222580
3685
300710
5783
308065
18466399
9876
18361752
18454461
18356776
305402
18362795
18358162
18355117
18355115
18427222
18331598
18415664
18414469
3190
2775
18294261
304239
311584
9476
18428200
18313141
309680
18277022
300013
306331
18180047
1915
18352261
572
309232
2616
18303828
18337927
7167
4726
731
5797
18168168
18466978
651
9980
17953916
311737
308766
732
18025105
18237320
305166
702
18434596
18469938
7589
18255193
18382372
309520
1934
5732
304296
18208924
307330
8369
301001
18408040
313304
308463
301574
306334
312437
3392
304027
18082196
308188
18425748
18354624
308183
18336472
18224537
18287398
18163900
18418229
18427205
18423135
18472605
18424902
18427209
18427218
18352684
18425738
313059
18425757
18472618
302283
3549
7353
7363
9145
7309
305201
7332
7315
5227
4312
7366
305180
4311
309816
680
9579
311150
18361738
307283
9572
305581
9571
9906
1903
309609
308664
311014
18317229
18446815
4325
18376487
18396545
302868
18025133
302938
9623
9992
18392883
9998
312594
312372
2684
2683
18312443
311546
3338
6202
6203
18337762
18419886
8987
9879
18355127
18472678
18357956
18472675
18312639
308195
1397
307223
305604
658
18180072
18358663
18416845
18427203
18357541
18416842
18313112
18403469
18489807
305181
18358665
18489805
311666
312970
18415377
18358661
18414467
18414511
18489534
18356819
18261723
18455531
18365877
7654
18357542
18375421
313398
18458339
7658
18272382
311609
650
5135
305162
18353692
18409190
18465802
301229
303583
303604
3636
5537
18355123
312790
18393213
5536
18412898
9210
5528
17953929
2703
18478963
18355121
3041
8959
2583
18441798
18277019
311824
300020
18228903
18254540
309675
18424209
18256780
17989110
18222029
313287
308128
18231755
302782
306747
312161
306657
18350870
18431173
18406823
18369764
18378581
18372324
17989108
18366001
18368003
18466429
18431105
18354985
18414503
308769
2608
6394
1867
2236
18219516
305517
305516
18334429
311570
18456724
18393436
18247034
309026
18416831
18496493
18291208
18416859
18331664
18334432
18285204
18285734
312032
309893
18238757
7131
18203177
311174
18303720
308166
309874
18368005
18282049
18348790
18398598
309152
18303815
308992
18233797
18463563
2228
311370
2910
18279172
307237
309113
306571
3797
9467
307321
307296
311326
18268720
302212
309852
311440
506
8160
301898
18240023
18358682
309778
18241514
5899
18387753
307342
7712
306038
7901
2995
18337775
18273623
9996
18413811
18464001
18359262
7788
7834
3167
309841
7774
3158
302555
7790
7548
18463567
7547
4649
301236
18288761
1629
310321
305652
18332076
18423108
18462572
18277002
310529
18432940
307344
18354972
17953926
18471299
18463424
18285199
2591
309902
302277
18352256
18278203
18334427
18222560
18481305
305640
18350234
179
18337924
18421042
312268
301448
18433883
302893
18414477
302896
302793
9985
302895
304783
7590
18285214
302710
3469
18352214
2605
18279456
928
9083
18425186
304475
311272
3298
302503
93
309505
312542
3227
308
234
18421232
18416856
18350121
305243
311305
3507
310887
18434414
18287390
306572
18089255
9177
7249
2615
18423898
4919
18397698
18415363
18492083
807
673
18237319
7322
473
302682
7684
18245296
303559
310692
312446
18366586
18133511
18354644
18454466
18282012
18349901
18336178
18308432
18208922
18294392
3394
307190
18208892
18294269
66
18237356
18255131
18249122
309110
302310
301524
5796
320
18441674
308804
2195
67
18294220
177
308244
9747
18198427
18423119
303034
596
301653
1896
18423151
300582
18394362
18124375
18380392
312413
18449667
310952
18449786
18361767
18361771
18398577
17953940
307271
18337893
6359
18481280
18252250
300616
18261165
302724
308620
305490
6356
300639
18384879
6345
5799
18272388
6355
300571
18253103
304217
18381669
300608
18459030
306841
18432191
310777
310215
18469935
18057820
18250797
310802
3332
311466
5358
18336529
306064
301532
301530
4740
300874
18317975
6553
310803
302859
308533
302871
18469682
18462596
18425711
18466402
18466396
189
5452
18374418
6608
9433
18463995
18124356
18420653
18421487
18463988
18388132
18426904
18400720
303849
307369
1199
305856
4857
3936
5765
3329
18337757
18342940
4166
300809
18241525
6574
3935
304307
311674
307415
18233584
310532
17989097
9644
308811
4227
17977767
308155
313511
306491
18377630
18458013
303104
18261739
5433
18458665
310413
6662
18317510
6651
18421019
18294234
3286
18398580
4090
18057822
18352186
310409
6628
2491
982
18263693
18037821
305276
18168462
5729
18057825
18245254
300911
309704
9386
312355
300791
18449643
18424171
18421485
18449647
18449657
18449653
18421461
18466408
18357954
18466675
18449639
18485962
18466410
18421459
18466400
311576
18424879
304389
18451573
313442
18057827
18396440
308364
307419
18386078
18358182
18361223
18396396
18363081
18451571
18361222
18359282
307466
301763
308212
300490
18368009
304276
309423
301221
311166
307533
18198825
17953920
18370499
312438
304700
18398839
311629
18396391
18419914
3224
18219550
300784
1501
2377
307578
8828
18380175
18455548
18423901
18285222
18432015
18168143
5366
311115
5271
311358
8670
6562
18435822
18265385
18128881
18435816
18378037
18216911
6251
1613
6253
313487
5996
17977792
305577
312227
18435315
313004
18377929
18335816
312157
308574
302490
6117
6123
301675
2936
308559
18208914
3851
3854
308839
18440191
18358841
308844
18265707
301056
18458961
308831
18368006
5186
18291201
18397140
18432218
313225
18469838
18376495
18432000
18222598
308940
18423892
18384143
18376513
18433869
18421474
18261956
18377904
18349764
18431979
18423103
18423101
18433871
18421482
18378036
312479
18418242
4982
4935
9829
18208895
9849
305949
18268367
18381652
9850
306113
4939
308816
18377903
8215
305948
18416369
311245
18375372
307362
308237
18260604
18282003
307306
308526
18146358
313185
18429423
18375388
18267785
18138441
9855
311189
18440394
18418252
18441677
18441680
18421464
18440186
18379056
18440429
18456342
18244229
310332
313413
2295
312385
300910
252
2009
303586
404
8265
303578
1270
18378022
302411
307521
305626
302427
6230
302436
18294229
18284473
18128874
18332478
18377910
18291465
18378042
18423869
18438433
308908
18350567
18224540
18435803
311712
18303719
310664
18153563
302528
304592
18394366
18124361
18034049
308509
6094
311187
301305
310877
18313972
304687
312444
310447
18312578
18361770
302452
18446388
18445798
18446401
18361764
18438429
18489535
18153555
18014115
18416877
18446398
301519
18361757
18441688
18445788
18214206
18445764
18273597
18396190
18423118
18377898
18429388
18419424
18434964
18424200
18424654
18499493
306510
312801
308801
307361
1275
4854
6170
306107
9736
306178
18203169
300502
18282009
18037806
18037793
18367977
18454474
18431980
18408034
306985
18456774
300522
18429401
18037794
301822
18282015
18458301
18366025
306974
18367979
1104
7018
18332009
18244719
18446409
307699
18268370
307501
18345739
300994
7025
7012
310691
18263236
313498
306856
18466975
18350231
4723
18365984
18369772
309178
18433904
312145
4634
311459
18247005
304585
303051
18241861
18425764
311719
306392
1908
18322672
18238241
9011
2408
306338
18128869
306405
304028
5529
18423807
305360
18198463
18138437
18377922
303963
1933
18070502
18356784
312922
5659
309289
18366011
9550
5658
18265677
18198179
18441800
18366018
312098
311944
305722
308189
305720
17953908
312087
18365872
9960
18366028
5291
18384151
18294246
2370
304030
18361244
311623
306910
312589
18281968
301830
18460315
307998
18368012
301809
301826
312959
307549
4036
300973
307069
18432214
18469981
18361217
18361211
18352275
18471287
18430900
18471319
18471254
18430911
306678
304610
18361200
18432222
18471313
306710
18430576
18430579
18430570
18352287
18464638
18371399
18416741
18462571
18460302
312848
18429186
18369770
18460299
18431181
18398504
313163
18349241
18431187
18371405
7271
5652
4490
7692
18356817
300343
18233577
300318
312387
1990
300344
18303817
18175309
303018
7274
18224548
18138442
300337
18279470
1641
313093
3124
3974
4502
4503
186
8941
17977763
1123
312334
18378050
18456456
312471
18421020
18218787
18337789
8964
18464054
3333
300836
18265418
1986
309578
6901
307551
18403003
6905
18445783
1998
18369301
18228854
309309
18352179
303105
306170
1308
18288046
18222577
5931
306513
5932
18421044
1115
300008
1158
18472653
7287
300397
9549
18281954
311977
18322658
18412880
7452
311506
311327
2751
18261486
3126
8671
7242
308054
3125
307700
307519
18107869
18277238
7399
18446486
18395392
18282048
313258
18248991
18034082
18237343
18369771
18429387
311787
18487016
18294260
7448
18420444
18279476
18224550
18480928
18311919
306014
977
313071
18384134
18449782
300941
312364
312365
6654
305161
18365889
18245248
312422
18416860
310202
18337490
300844
6030
3247
309783
18365897
300862
18273634
306761
302344
7679
8771
18312438
310459
9408
5997
3114
311711
300966
18254676
18355152
6264
18361742
308638
302488
18429394
195
300697
300696
310604
18334443
18380891
18458629
18128871
18303857
18255141
6705
18337907
18322591
18486915
310899
18365986
305567
18430902
18291456
18472660
18455549
18492057
18492103
18252401
5062
18420456
17953943
4568
308814
18292480
18251318
18303675
308996
7180
18429644
7194
18492109
7187
309006
304385
312027
18430872
309004
18244564
18429417
307560
18472599
18292478
18037796
5961
304160
313282
18430577
301917
18203187
18246984
18372314
308900
312040
305238
18368021
312853
18487958
18368025
18037792
18356794
308905
18037813
310625
18358165
302757
18500618
18014109
18419501
18372672
18168165
9108
302835
9116
18358206
18372666
301914
307950
301912
17989106
310581
301907
307195
2402
4790
302166
3665
6925
300406
18478982
300440
18245289
18057797
311396
8680
300459
18365871
302183
18489507
8707
18322639
18466393
312269
5080
3288
18422652
18131568
312523
4876
18034048
6743
18308025
18424575
1687
18454285
18349915
18299228
313272
18025115
311736
18464003
18034074
420
18383453
313264
308609
2825
18292448
306127
306131
308020
2458
18204847
18280305
1694
312022
18396189
18431563
18357544
18383473
18336206
18337747
3565
305096
18161609
18383489
18223957
18258475
18367364
18441196
304185
18294819
1455
18247015
311494
18281982
18241867
307185
312261
1664
157
3538
18257542
18138434
18433890
303858
308274
311725
18254524
18371404
4620
18235155
304142
1453
300097
6775
306401
514
18082232
18336208
892
18334445
311805
797
305698
2056
303470
4879
8019
18034040
312668
18291211
3243
18430882
18446889
3586
302920
18460326
18445653
309272
300174
303765
18291476
6913
18398604
18311957
300156
18241516
18268726
303747
303730
303486
18463954
18466414
5083
302254
18439519
313479
4215
18128902
5720
5721
18265082
18412886
18400489
18441707
304520
312540
18332044
300082
18386419
301734
18441791
18421029
18335897
18388039
18319384
18464628
18438453
18421502
18421476
18365603
18476986
18393709
18464630
18464616
18261727
18464626
18393725
18421493
5172
6643
300978
5588
18411599
18205653
311428
18391171
18378807
18458345
18435818
18453035
18430602
18391132
18391159
307366
3445
18291200
18391155
9773
18349894
308248
307304
2475
18349892
18365849
309141
18361772
18272387
312111
18460311
18303696
18292438
303174
6847
18161567
4820
309090
18336504
6867
17977749
3909
18396451
18261309
18411846
18423106
310700
18368007
303606
306975
18277212
18396178
18324432
18449816
18462613
18471248
18472669
18396180
18463996
18478377
311850
18471289
18263500
18350153
18476508
18463993
18463972
18463987
18463994
18463989
18463992
18383447
300439
18138446
18363062
18337913
18412887
18238248
18383550
18237342
18414487
18233603
18396424
18372325
18449656
18311959
18237348
18446482
18466973
18481321
18458317
18489829
9646
303848
6896
306043
18356357
310461
18273536
18303698
18161601
18345780
18291450
18279913
4608
18373691
309741
305817
17953899
308367
7603
18441687
18460981
18423125
305472
18454499
18469968
18287389
309811
18456150
18453788
3463
18252361
18356773
3464
18423129
18472609
3606
18336483
1670
5065
2443
6700
18264995
18418247
18361778
18281955
7507
8437
308997
18175268
308477
313105
7496
18422475
18377905
308473
18124366
18440427
18336259
18441537
9731
18361734
18331809
8441
18281977
18322604
312287
18382359
18383456
18445740
310067
18441766
18440390
304338
18317498
18336509
18245277
4171
997
18265384
17953934
18336176
311080
4992
308013
18241498
270
225
300054
307272
309541
310385
1028
18451091
18432013
18155147
18383511
18264244
303269
5854
18180086
18449092
309535
18446481
18371433
18434638
18409730
18441711
18383442
18457257
18478533
8033
18438463
18264985
18456760
18356045
301361
18287364
18463959
6216
18432020
4160
718
591
18272367
18303688
18233616
18272346
18273551
4473
18272361
18272379
18272357
594
18336212
18133480
3237
18382371
18323684
18457856
18244230
300953
307491
7979
18319512
18279455
5689
308774
394
18383509
18371434
18424204
18383466
18449659
18435807
18371402
18481291
18337906
310695
309135
18425976
18396192
18424581
18438249
18478565
18472682
18428504
18381675
18431152
18432194
18432025
18424873
18332086
18133492
18440415
18440413
18427230
18244257
18317511
18317512
18228857
18446387
18432231
18432236
18289230
18383468
18383503
18435297
18351422
18089212
307847
18375395
310770
18356798
304439
18423139
18430587
18424195
18424206
18474221
18424577
312192
18347548
1318
309757
18034077
18381223
8595
307903
18372662
18435824
18383464
18451827
18435336
18441651
18383458
18418232
18494319
18499472
18481281
1495
300550
18258469
9724
302925
18385532
18376500
311768
18423127
18337891
312558
312777
18271099
308877
311701
18273942
311334
18424173
18424175
18275704
